0.6868421607464552
0.15789538197219372
0.11294342733453959
0.0762416814500466
0.07797022071434184
0.07166957544162869
0.07042364150285721
0.06286378102609888
0.0727650300343521
0.043355243222322315
0.034550871758838184
0.0456376872677356
0.04716332867741585
0.04389165211498039
0.04412590389489196
0.050174029557965696
0.04389407518377993
0.04258377203135751
0.028998927715874742
0.03149264133040561
0.031866404068132397
0.03439049024716951
0.026157715732697397
0.03433952191786375
0.032666475195437666
0.04272340297524352
0.02673166022694204
0.024434264475275996
0.0223707290263701
0.024456690983643056
0.023709447299042948
0.026966316782927605
0.034165165856247764
0.02550539818301331
0.034782856726378666
0.02419138559809653
0.02305408957778127
0.022208029043104035
0.017863455419792444
0.02344081091014232
0.023235478148017137
0.02686783413068042
0.02501650237099966
0.022240031078363243
0.020172992628940848
0.015180207633748069
0.016925759484292938
0.018334847738296956
0.02135338421254346
0.021686438040997017
0.02645169548704871
0.0165855738566097
0.019978540601623535
0.016452467163908295
0.014574595682352082
0.020099708409397864
0.018215674920211315
0.01444699865343864
0.02444449528305995
0.022004342891814303
0.012427769507557968
0.013932265614130301
0.019536516391635814
0.017331497181021404
0.017602603048944728
0.019541683526022098
0.014144867088616593
0.014457579715308384
0.01084366409420909
0.016153824304819864
0.00841858317581682
0.016179947305199675
0.013024470761829434
0.01262847738509663
0.021721645128236558
0.014196572321861823
0.018115044247260813
0.013637516897870228
0.01787983263717251
0.014870116246056568
0.01308176414033369
0.01223405095795897
0.009071420323075473
0.011183726903300339
0.011662072467897815
0.014644031820598685
0.012958012618141765
0.027255138452128447
0.012397045686702768
0.01814856745661018
0.007234447404262028
0.018298847965343156
0.008173951078579194
0.013664615726468128
0.010969117197246305
0.013994718028461648
0.014095151461588103
0.012941755878787263
0.015018239432192786
0.013031584352329446
0.013897264226379775
0.006904617017899
0.009672316815799603
0.008662043794520286
0.01146230556044884
0.016599281743201574
0.008581591841102637
0.009951132874139148
0.009407904744216466
0.014534422474089297
0.012149503107821147
0.008548316129219984
0.01584150927064911
0.008983811168493503
0.015390379593736726
0.006009127601989803
0.01946358310762207
0.014375163684558174
0.008114612177682829
0.004824070351878618
0.010211637183992935
0.012369227697708993
0.016950877065683018
0.010936799514577161
0.01375704391839804
0.010881185356973902
0.012915376065902819
0.012428809899975022
0.0052813770615739485
0.006650413738311727
0.009306278077074239
0.00952492561990084
0.013828070200765978
0.018538603333571758
0.013916367302555273
0.015392847440846253
0.010467978817328003
0.010844582878163464
0.008748849917859616
0.010506033062533148
0.010390028649380838
0.009130540314191648
0.012052648465432867
0.012243519023686531
0.011900662822558843
0.006690541590539567
0.005781128868178768
0.008376725064870243
0.004241235763996087
0.01713646665171268
0.008083760665849695
0.011783130149181033
0.007016297050333548
0.012028157205292019
0.008408468738150248
0.0034389522701172835
0.004226953370399542
0.004452156819937727
0.009557081587038283
0.016338753135295293
0.0057795718277066045
0.00905486397939967
0.01597769370498099
0.007869927167857895
0.007019316778405553
0.007048484896820355
0.009260255928799026
0.00930382573022122
0.008307568354403543
0.010678250039502473
0.026158606584115205
0.009912011402208805
0.004091373616700196
0.011241941903016368
0.016970970980339645
0.00894698128071468
0.010452171205411104
0.012173550717382966
0.01246280449604683
0.01602382358797513
0.006645509101676339
0.008871986826061402
0.004618408402428429
0.0065642322964717436
0.008591461782281477
0.005641777448494141
0.015097842869725113
0.013949898701428652
0.019141612502257887
0.012873391074850532
0.003335163607025038
0.007320233262733265
0.012487224408787778
0.02185809806338966
0.006559182236658217
0.014041477629469341
0.014981837112313769
0.013490032317055239
0.006612234787286013
0.009099820985912572
0.0020148112973708953
0.0031874468351349695
0.009140129302790213
0.016497773967214115
0.010865399662130387
0.02201382293245345
0.014877035444997092
0.009973491469863802
0.004397086128674346
0.012919402726603267
0.004247034545724091
0.0017839501337951447
0.0035247473575441292
0.017518281491632877
0.021574853763548986
0.01756620952219331
0.010818386460205148
0.005127509914032089
0.004904403966110635
0.003047150738326039
0.00818613321564257
0.004187534769302843
0.007807484071384856
0.019101205402469592
0.008565733019810012
0.006404200625624909
0.004890455740757522
0.008126637906038993
0.008393354670856753
0.013672723425829885
0.01044173690338532
0.006006682682828632
0.010361482718028121
0.007859038204482171
0.017085999088889848
0.008322142044459352
0.010288707092236109
0.01618131638832999
0.01600793701546877
0.018517802685149434
0.017635500741872222
0.011271885393318115
0.0038359764958204325
0.004676209324341869
0.00912213311514222
0.012742035285193225
0.007909619583788156
0.01456200037671767
0.007604307594386199
0.025189908918092953
0.014693292576318342
0.009564137904357038
0.005548637281509805
0.005640703742649649
0.014957083336571433
0.012666490151177818
0.006419095751352364
0.010150230332555167
0.005194717141952267
0.0140078407934827
0.015193082480784685
0.012288123364511705
0.004688008827663594
0.00853871745705188
0.009923640862852707
0.012429651485010709
0.007609327249168505
0.006592968587749937
0.009372517693800405
0.018572225747744895
0.017694121912290937
0.009509887202850677
0.010836863883385988
0.0073951121262512045
0.014176608769014968
0.011933370994480082
0.009329235554765204
0.013956512924132837
0.007822371346551832
0.0023267513916597426
0.0017296922732044084
0.009183542517028265
0.006085069288241307
0.013740988034825605
0.013826845019285444
0.01644007250868012
0.01508851779664127
0.00514034467873671
0.003758662774914718
0.006835541142953403
0.0069072451925955925
0.006717279977059716
0.008549715547900101
0.008009390462346316
0.013047280142858674
0.0064108150518735795
0.016970274226045384
0.014327178036216708
0.007530272245875356
0.002984607759156406
0.006640329480016991
0.00856009680918725
0.01012489453394681
0.01584687307547042
0.021797547693385225
0.015474977441782514
0.00394506248663296
0.007049456750124636
0.011715100333852391
0.01672831764140258
0.01403344097118235
0.010460066808352883
0.007076684985338147
0.01229095846100511
0.020229751303802956
0.01260948078308994
0.0037678273690630857
0.010052916064111078
0.008480540088820513
0.015457950659849189
0.027379115473770418
0.009200978302899027
0.01478491684910793
0.013921656612547828
0.01053814675596282
0.006574336914984959
0.006461197596369139
0.005366071857714314
0.010985444825862278
0.006353859502201797
0.00899482543301362
0.007738254966621185
0.005791916317794605
0.01145116468074768
0.009913810002163287
0.0041022204829170815
0.004361673436453775
0.004335517123396811
0.017680462514308166
0.011612735252684575
0.01658668401998501
0.01373521964709743
0.012840856884296948
0.017088946150448214
0.018560351879950834
0.01557080798440531
0.0114603028673196
0.007464239388673413
0.00551070990742641
0.006301625472387598
0.01284573289830334
0.005795589050196993
0.004111506282433861
0.005290316179818241
0.006112724689027356
0.005174839114654919
0.006680836215761707
0.0025248269185870775
0.00545375785390804
0.005355939561755596
0.009440286208019856
0.010635554583159004
0.008283960622047342
0.007171850164650028
0.016744993918350836
0.011417833368774204
0.012833694451933421
0.009873844536963503
0.006106812458245461
0.010872811224029775
0.006103905217714292
0.010947889776319037
0.01845407208732221
0.011006188392127308
0.008976353457022565
0.015475513081585261
0.0178974251037176
0.01825911196653429
0.015393487800798846
0.014491036814297899
0.010251947122783428
0.013600341260948348
0.022078815929970793
0.011624423475786193
0.01181804429478977
0.011937957086368623
0.012768608212692345
0.008408991884674952
0.0023923222083739983
0.005091371670750553
0.0007067748426269927
0.007600079454269415
0.00884839529389234
0.009135655727858953
0.008564743321280318
0.00887966475624755
0.019894483217884864
0.012621810594089128
0.013609163341993007
0.02320339351208676
0.022178025743613543
0.023686419751772797
0.014385302209444712
0.013736172816201106
0.007108807231751775
0.014677139256980061
0.02014719991641982
0.011267614795773182
0.0038159145517456163
0.003301697424685692
0.004338256484520112
0.008046407141914052
0.01083114173964386
0.005785543153963869
0.0038040400054905866
0.009641332093535121
0.009216659134535956
0.010352047166497508
0.014235564516726504
0.009599635436909061
0.0065044730070619085
0.016945200204655415
0.014876878438310624
0.012153471805681697
0.010583647861116367
0.007833101020840933
0.012267330801953094
0.01082118834998242
0.005678916910090446
0.012100687106248146
0.009093736453591355
0.00873247670243383
0.003984242636748365
0.0020070712636205525
0.0066882157961748465
0.007558282101330063
0.01326348429827545
0.009204449544155792
0.01136046838706792
0.011781076625709118
0.01517120272260652
0.01363449944468693
0.009597448657570345
0.005533810995712813
0.0026217644949041697
0.007359305224932298
0.011200383679129866
0.007792923229953575
0.009098809325695782
0.01680145014306134
0.006760960631029635
0.010365590269035288
0.0044413583349584415
0.01596232703926529
0.010295596482638695
0.012180058545323886
0.0036340650626991646
0.020997445358480537
0.012557140843689685
0.011611270595320234
0.017422767247839376
0.02396517901737882
0.010882823365941036
0.017274665858144148
0.014071694022786137
0.015166524307458906
0.019010503172059774
0.014101928879939551
0.005581143390538954
0.006841458185046072
0.006049821297443988
0.008054758453351773
0.01065913472990953
0.006415821564264501
0.023229790054993416
0.01828011311912381
0.02431878766469776
0.009188600304622395
0.0100704642099606
0.005802992435228423
0.018441492355638724
0.01947346679947557
0.01865619142777035
0.014140720758783356
0.015951451162475226
0.005927647287181334
0.006474539280919938
0.0049817298917963024
0.005595162824032959
0.0032861822097006023
0.013330758987798142
0.008069956988012227
0.008264270354388132
0.005848223304902822
0.015803112900872412
0.0018475354939421972
0.005167868327734034
0.006706090657730928
0.008396618321880118
0.0065942740227419305
0.019994569593225275
0.02404114723851311
0.014504952841481145
0.014833771185564178
0.0035556603636663353
0.012726006429298851
0.010878217336955124
0.011313914186501224
0.012260119114449576
0.015450783021371942
0.011390058582248192
0.005904745337139812
0.013830622651461288
0.01190279760968835
0.011825594610656824
0.015317072595610144
0.005290441884421536
0.008748415317332227
0.008683956061956568
0.015933211399201647
0.008143852927852066
0.008442031180534335
0.01675130333394716
0.02312841607788288
0.0031791178597089563
0.006855434204198034
0.005761432005317674
0.018204086026796386
0.0070223300989298385
0.0074707770360225
0.01107230105177889
0.0026243994052407714
0.006780763283082752
0.004871778230127001
0.023074847026956596
0.024304204950630747
0.011650852864787321
0.018159784267397297
0.01974236167277956
0.01143620568788185
0.0076137092382790265
0.012232804315302452
0.019852411082014788
0.003872299261744865
0.012132419380058046
0.012286364628491147
0.017682679622631724
0.013266748973596055
0.02563964551881277
0.01296328619394468
0.012933681625193648
0.013901785315195554
0.007642717090557367
0.006766983567688456
0.014472915283415428
0.005832240563934713
0.004308374910267361
0.011169395473470813
0.01977908555928693
0.017482511695153198
0.005109856134003551
0.015635974346062037
0.02390477096759147
0.014324886089355626
0.014716652123915246
0.02034314685038158
0.007569561430857194
0.007656166297560972
0.006908950315322389
0.006862211333345966
0.0017188159236539524
0.014577189288906257
0.010361549462347318
0.012686748604828945
0.009459416489304921
0.010545973369449974
0.011152599289522232
0.013490930636269938
0.0031134867901509654
0.006976122985063354
0.024129489592151124
0.020626116529811774
0.009945069156604907
0.007675174373815139
0.01643947269129425
0.009631515579885994
0.008263038171987508
0.019702489918609914
0.010532118649784752
0.014752713899910059
0.010004486696922324
0.014369929401877406
0.007680975710578031
0.007788005981277003
0.012586996466135814
0.01901191193550739
0.013292982952447683
0.018448099400931717
0.027338862062193933
0.017028632094918398
0.009540516001637342
0.01022496505071012
0.006542359090763937
0.013394810199014189
0.010385526976230536
0.010719065273146953
0.014585345587381187
0.03177836106757276
0.013158349504140547
0.016427498642914484
0.009514398770512873
0.010133610501785193
0.013814937387973117
0.012348273319596603
0.009253691664613355
0.010434679625818509
0.01964879570783747
0.020526624001909785
0.00991223830644251
0.006962791116227233
0.01213783521456148
0.002297961499207716
0.005674901750504423
0.01574433989687756
0.013886796912157948
0.011865349771620699
0.01003011845037146
0.004343666894006973
0.009208859961246676
0.03691376623134796
0.021407333831207326
0.01354178155102245
0.012651521238669717
0.012467321258062335
0.011165632429491805
0.01249992413945967
0.004652248696780235
0.0077981830932558095
0.017560615252618553
0.012779575358618449
0.01233900324055394
0.005132448617059975
0.013910558971999408
0.01152732018072955
0.012370958481840827
0.012548327614963889
0.03465991202510279
0.020098263860744366
0.02703025079206952
0.01059820022135546
0.01768989542824053
0.012674614562899698
0.015891563049119126
0.016652248046600003
0.013007047380607727
0.022102475128329732
0.012554196107320528
0.00791470261148808
0.006430524713231167
0.015273737235934115
0.01545459597831925
0.011725642746700023
0.01166805748607875
0.024784592139229896
0.01589859570175499
0.021703213014957434
0.010754172440311556
0.004377882061216805
0.009625661458652934
0.006865175213840194
0.025200957308564115
0.01806072654585222
0.010207260271698486
0.01675919430338
0.018724364790769464
0.01570694097875718
0.007299223503688779
0.006727857591667865
0.025134549056115885
0.01956197244473054
0.011659588404190973
0.014066780614468618
0.008395635965240707
0.008407254773911566
0.002083180564047368
0.009398422306516772
0.005468119083155357
0.011421930130207411
0.011276180125879547
0.004455917145819585
0.006900421158902583
0.011864106238931933
0.010935570987330574
0.008964897649443984
0.022216430099288722
0.014820102141812593
0.012162349363441604
0.017254659289635783
0.01666734754253468
0.023152253947167863
0.04415136199011647
0.05841830238645161
0.024406264422331226
0.013905190285721323
0.023813980779487737
0.010681094607141405
0.015262990871666573
0.008426087625215883
0.01043152050200633
0.009495823418116372
0.0019003685318512197
0.001717131364620309
0.0023684229648821362
0.006391175136091141
0.006163233554963919
0.003240716063931096
0.019221190924158856
0.020440858008893573
0.00969473209706604
0.01167085083172325
0.02143564761781855
0.006542723329354773
0.027303274071626207
0.012863662646141121
0.009999154272435903
0.004562844309889299
0.006214944845183216
0.02334177231295445
0.007763817112671151
0.014089730349377327
0.02162718184357398
0.01399879600872454
0.02171816382821663
0.027630224821632958
0.03693990917000665
0.03169796581708298
0.013337656619932328
0.008696845360019589
0.00344677399575982
0.016214869392854218
0.010618943603894473
0.005320358177461213
0.010033451688919075
0.015769665182143497
0.02565415146608592
0.0301220258927074
0.009691096964229063
0.01508738744667077
0.009401810258440757
0.014511421014463882
0.009988137209517446
0.010546793196969124
0.01794232438043895
0.020835724896943034
0.009999424365240333
0.01833875518454613
0.020479310124501878
0.005937431848643824
0.001801016263277001
0.025083839467523777
0.013469629069915903
0.025890294138355512
0.022545483495147817
0.026718575178206395
0.012317278180653268
0.020167175476978893
0.006443577355004227
0.016047107331676656
0.021652060578819896
0.02757139337644855
0.020681679865558265
0.020815828901387935
0.013290125731346502
0.013589634671412524
0.01308768811074671
0.022762661346959447
0.013284698570880603
0.01015166688924292
0.019533173125796433
0.009398808652554436
0.0173231081106362
0.02328869453904824
0.01316209680325239
0.018230600386272316
0.01231091073223558
0.014439927878751067
0.01214990492374701
0.00973220913381834
0.014458282747048119
0.015317986602333092
0.007826251210558232
0.03032998335485376
0.004357117665100364
0.015579535269735318
0.011626943822465572
0.013425007299715517
0.006233556067954572
0.015746943877160486
0.010389597618043478
0.01419583555683789
0.012549800484570524
0.008782594634383219
0.004781737398951946
0.019146407150621755
0.008612986484817143
0.025058454789381405
0.019674636608583245
0.015986938123731177
0.02151033566467599
0.032278817609081654
0.024186013318556663
0.02821896838117594
0.0185725172699818
0.01996065822556746
0.021414660880020354
0.01664655017469094
0.014638630422302422
0.022533230881607618
0.01662685618352527
0.029998609963957243
0.013281753455215251
0.007900463526696882
0.009624337047064769
0.005999713554964956
0.011217713549411564
0.012767402961078988
0.0051408671582515875
0.01771168446001283
0.014638654919855623
0.007395641752375515
0.01420997980586895
0.010378644180869255
0.029802077993250756
0.032230030524938516
0.02479037168588419
0.006035360199320057
0.00966307291992647
0.005702403252844358
0.024924870467390114
0.014559735216506315
0.024337520858161786
0.03822528228730566
0.016197629636636204
0.014016204596522948
0.016468653054086953
0.011491449359151638
0.011950534006301274
0.011198248634790567
0.021075132537183308
0.013428129672972085
0.018877100167655293
0.01335194901515803
0.0086403860986028
0.044453262999925656
0.016121480591494958
0.009330490624115033
0.010563003374210025
0.007157891475326982
0.008962986842761103
0.028798201797347676
0.014048125260580031
0.012282635683301013
0.014289420193173124
0.009063964890011371
0.012791384655901607
0.019430188159704303
0.0016892416263198928
0.0049078582546591065
0.011793264677330929
0.006569319383305945
0.006547561173718054
0.019037827847595654
0.026258298106587787
0.01695224054257729
0.02073584705273152
0.01050004637344657
0.015618958033138224
0.04593687117180867
0.02726771893150842
0.037275277562411537
0.03429198478453122
0.010682271458793444
0.00847102027854902
0.01977501140145983
0.02349075021668293
0.008533341809198623
0.010658927034016252
0.02004839085775474
0.01423100212660907
0.010839353978758579
0.024046070041027493
0.013743229687868022
0.00986943647423432
0.015917038369211777
0.01163942499681839
0.011726496873517893
0.016495607123131008
0.013680435228573535
0.014367892742970479
0.009941613530805575
